{
    "mae": 0.5410614727077232,
    "mse": 0.5815842488627793,
    "r2": 0.9564746616313591
}["Ridge(alpha=0.001, copy_X=True, fit_intercept=True, max_iter=None,\n      normalize=False, random_state=None, solver='auto', tol=0.001)"]