{
    "mae": 0.5886805383225509,
    "mse": 0.7740011915087777,
    "r2": 0.9391956618700252
}["Ridge(alpha=0.004641588833612777, copy_X=True, fit_intercept=True,\n      max_iter=None, normalize=False, random_state=None, solver='auto',\n      tol=0.001)"]